ZRR_2015_Station1 701387 -3090335 45
ZRR_2015_Station10 689256 -3088137 45
ZRR_2015_Station11 691693 -3088811 45
ZRR_2015_Station12 693822 -3091843 45
ZRR_2015_Station13 695751 -3088332 41
ZRR_2015_Station14 699352 -3087646 45
ZRR_2015_Station15 696714 -3086037 45
ZRR_2015_Station16 693650 -3085270 45
ZRR_2015_Station17 691888 -3086509 45
ZRR_2015_Station18 688503 -3085574 45
ZRR_2015_Station19 695929 -3084149 45
ZRR_2015_Station2 699022 -3090434 45
ZRR_2015_Station20 692942 -3084033 45
ZRR_2015_Station21 690142 -3082911 45
ZRR_2015_Station22 688039 -3082130 45
ZRR_2015_Station23 688135 -3079577 45
ZRR_2015_Station24 690447 -3081169 45
ZRR_2015_Station25 692485 -3081022 45
ZRR_2015_Station26 695703 -3082042 45
ZRR_2015_Station27 694633 -3079216 45
ZRR_2015_Station28 691177 -3079694 45
ZRR_2015_Station29 689064 -3077989 45
ZRR_2015_Station3 698293 -3091323 45
ZRR_2015_Station30 687288 -3078365 45
ZRR_2015_Station31 689056 -3075893 42
ZRR_2015_Station32 690974 -3076541 45
ZRR_2015_Station33 692562 -3077204 45
ZRR_2015_Station34 690927 -3078634 45
ZRR_2015_Station35 690254 -3083995 45
ZRR_2015_Station36 691227 -3091623 45
ZRR_2015_Station37 701846 -3092146 45
ZRR_2015_Station38 690332 -3090285 45
ZRR_2015_Station39 688941 -3094625 45
ZRR_2015_Station4 698708 -3093470 45
ZRR_2015_Station40 697497 -3096893 45
ZRR_2015_Station5 696018 -3092382 45
ZRR_2015_Station6 695555 -3094547 45
ZRR_2015_Station7 691672 -3095436 45
ZRR_2015_Station8 691407 -3093543 45
ZRR_2015_Station9 688314 -3091728 45
