Pilanesberg_2016_Station1 206070 -2794692 41
Pilanesberg_2016_Station10 206296 -2798289 45
Pilanesberg_2016_Station11 204998 -2801626 45
Pilanesberg_2016_Station12 206840 -2796573 45
Pilanesberg_2016_Station13 209027 -2796290 45
Pilanesberg_2016_Station14 219291 -2799975 45
Pilanesberg_2016_Station15 209322 -2794216 45
Pilanesberg_2016_Station16 210918 -2791615 45
Pilanesberg_2016_Station17 213854 -2789640 41
Pilanesberg_2016_Station18 217713 -2790825 43
Pilanesberg_2016_Station19 216255 -2791135 45
Pilanesberg_2016_Station2 208110 -2791899 45
Pilanesberg_2016_Station20 221148 -2791727 45
Pilanesberg_2016_Station21 223363 -2792849 45
Pilanesberg_2016_Station22 223474 -2794520 45
Pilanesberg_2016_Station23 221189 -2795202 45
Pilanesberg_2016_Station24 220952 -2796824 44
Pilanesberg_2016_Station25 219883 -2795115 45
Pilanesberg_2016_Station26 218487 -2797380 45
Pilanesberg_2016_Station27 217127 -2793448 45
Pilanesberg_2016_Station28 216374 -2795422 45
Pilanesberg_2016_Station29 214924 -2797752 45
Pilanesberg_2016_Station3 203794 -2791337 45
Pilanesberg_2016_Station30 214407 -2794498 45
Pilanesberg_2016_Station31 212099 -2794298 45
Pilanesberg_2016_Station32 211833 -2796364 45
Pilanesberg_2016_Station33 214010 -2799179 45
Pilanesberg_2016_Station34 210176 -2800309 45
Pilanesberg_2016_Station35 211807 -2802006 45
Pilanesberg_2016_Station36 206918 -2801461 45
Pilanesberg_2016_Station37 206004 -2803072 45
Pilanesberg_2016_Station38 205775 -2804618 45
Pilanesberg_2016_Station39 217253 -2799599 45
Pilanesberg_2016_Station4 203543 -2793134 45
Pilanesberg_2016_Station40 211961 -2803658 44
Pilanesberg_2016_Station5 201302 -2793356 43
Pilanesberg_2016_Station6 200308 -2795591 45
Pilanesberg_2016_Station7 198176 -2795914 43
Pilanesberg_2016_Station8 201459 -2799146 45
Pilanesberg_2016_Station9 203788 -2797742 45
