Makalali_2016_Station1 578195 -2674616 51
Makalali_2016_Station10 570042 -2679092 50
Makalali_2016_Station11 570113 -2681555 44
Makalali_2016_Station12 571678 -2681162 51
Makalali_2016_Station13 574393 -2681481 51
Makalali_2016_Station14 576204 -2681231 51
Makalali_2016_Station15 578245 -2681467 51
Makalali_2016_Station16 580792 -2681707 51
Makalali_2016_Station17 582280 -2681346 51
Makalali_2016_Station18 581291 -2676756 51
Makalali_2016_Station19 579845 -2684154 51
Makalali_2016_Station2 573848 -2679432 51
Makalali_2016_Station20 577009 -2683918 51
Makalali_2016_Station21 573951 -2683541 47
Makalali_2016_Station22 571022 -2687277 51
Makalali_2016_Station23 570002 -2683752 44
Makalali_2016_Station24 572190 -2685542 51
Makalali_2016_Station25 575465 -2685650 51
Makalali_2016_Station26 577486 -2685561 51
Makalali_2016_Station27 579286 -2685830 51
Makalali_2016_Station28 579371 -2688217 51
Makalali_2016_Station29 578000 -2687383 51
Makalali_2016_Station3 571918 -2676864 51
Makalali_2016_Station30 574867 -2687631 48
Makalali_2016_Station31 573307 -2688340 51
Makalali_2016_Station32 571007 -2689803 47
Makalali_2016_Station33 581679 -2679629 51
Makalali_2016_Station34 570256 -2674597 51
Makalali_2016_Station35 565742 -2674396 51
Makalali_2016_Station36 563621 -2674268 51
Makalali_2016_Station37 579169 -2679753 51
Makalali_2016_Station38 577684 -2678591 38
Makalali_2016_Station39 577642 -2676893 48
Makalali_2016_Station4 570272 -2676881 48
Makalali_2016_Station40 576104 -2677802 46
Makalali_2016_Station5 568384 -2677041 51
Makalali_2016_Station6 565263 -2676989 51
Makalali_2016_Station7 566098 -2679975 47
Makalali_2016_Station8 567267 -2678841 47
Makalali_2016_Station9 579663 -2675789 51
