Tembe_2016_Station1 737094 -3011456 45
Tembe_2016_Station10 734509 -3004857 44
Tembe_2016_Station11 734949 -3001525 45
Tembe_2016_Station12 737180 -3004055 45
Tembe_2016_Station13 738737 -3005606 45
Tembe_2016_Station14 744049 -3005800 45
Tembe_2016_Station15 741170 -3005347 45
Tembe_2016_Station16 745659 -3002809 45
Tembe_2016_Station17 742969 -3003096 45
Tembe_2016_Station18 740233 -3003936 45
Tembe_2016_Station19 738670 -3003359 45
Tembe_2016_Station2 740165 -3011098 45
Tembe_2016_Station20 739145 -3000619 45
Tembe_2016_Station21 740054 -2998710 45
Tembe_2016_Station22 742100 -2995712 45
Tembe_2016_Station23 744332 -2994558 45
Tembe_2016_Station24 747208 -2995844 43
Tembe_2016_Station25 748910 -2995056 45
Tembe_2016_Station26 749091 -2997352 45
Tembe_2016_Station27 747542 -2999396 45
Tembe_2016_Station28 746609 -3000501 45
Tembe_2016_Station29 741468 -2999827 35
Tembe_2016_Station3 739186 -3009488 45
Tembe_2016_Station30 738867 -2999160 45
Tembe_2016_Station31 735421 -2999466 45
Tembe_2016_Station32 734869 -3009668 45
Tembe_2016_Station4 743655 -3007954 45
Tembe_2016_Station5 740825 -3007741 45
Tembe_2016_Station6 740200 -3009255 45
Tembe_2016_Station7 737259 -3009410 45
Tembe_2016_Station8 736974 -3006770 45
Tembe_2016_Station9 733545 -3007861 45
