Wonderkop_2015_Station1 369234 -2594038 51
Wonderkop_2015_Station10 371666 -2593145 46
Wonderkop_2015_Station11 371497 -2590864 48
Wonderkop_2015_Station12 372987 -2591394 42
Wonderkop_2015_Station13 373783 -2589075 42
Wonderkop_2015_Station14 371600 -2589051 36
Wonderkop_2015_Station15 370113 -2588429 47
Wonderkop_2015_Station16 369798 -2586297 51
Wonderkop_2015_Station17 372699 -2587078 51
Wonderkop_2015_Station18 371552 -2585357 50
Wonderkop_2015_Station19 370032 -2584888 51
Wonderkop_2015_Station2 365767 -2593243 44
Wonderkop_2015_Station20 370803 -2582414 47
Wonderkop_2015_Station21 372644 -2580338 48
Wonderkop_2015_Station22 373654 -2581902 51
Wonderkop_2015_Station23 374348 -2584720 7
Wonderkop_2015_Station24 374902 -2583011 24
Wonderkop_2015_Station25 374365 -2579612 8
Wonderkop_2015_Station26 374160 -2577607 39
Wonderkop_2015_Station27 377301 -2577995 28
Wonderkop_2015_Station28 375783 -2576325 41
Wonderkop_2015_Station29 373410 -2574756 51
Wonderkop_2015_Station3 364618 -2592692 38
Wonderkop_2015_Station30 371918 -2573149 39
Wonderkop_2015_Station31 373749 -2572580 51
Wonderkop_2015_Station32 375235 -2573326 37
Wonderkop_2015_Station33 371759 -2571576 42
Wonderkop_2015_Station34 369169 -2571818 51
Wonderkop_2015_Station35 366560 -2572830 44
Wonderkop_2015_Station36 370583 -2574285 50
Wonderkop_2015_Station37 368760 -2574547 50
Wonderkop_2015_Station4 364748 -2590879 47
Wonderkop_2015_Station5 366813 -2591084 51
Wonderkop_2015_Station6 368247 -2589305 50
Wonderkop_2015_Station7 368928 -2590430 51
Wonderkop_2015_Station8 367944 -2592344 48
Wonderkop_2015_Station9 369680 -2592080 48
