Zingela_2016_Station1 370585 -2524670 43
Zingela_2016_Station10 372389 -2533385 45
Zingela_2016_Station11 366008 -2529463 45
Zingela_2016_Station12 368750 -2531031 45
Zingela_2016_Station13 364135 -2536452 45
Zingela_2016_Station14 372103 -2528763 45
Zingela_2016_Station15 372407 -2531154 45
Zingela_2016_Station16 369486 -2525842 42
Zingela_2016_Station17 373039 -2522575 45
Zingela_2016_Station18 371750 -2536032 45
Zingela_2016_Station19 366843 -2543985 44
Zingela_2016_Station2 369511 -2522412 43
Zingela_2016_Station20 371072 -2539615 45
Zingela_2016_Station21 373605 -2537674 41
Zingela_2016_Station22 369013 -2542435 41
Zingela_2016_Station23 361269 -2539110 45
Zingela_2016_Station24 373177 -2524975 43
Zingela_2016_Station25 369736 -2527672 42
Zingela_2016_Station26 364113 -2533401 43
Zingela_2016_Station27 374827 -2529028 43
Zingela_2016_Station28 367547 -2540851 45
Zingela_2016_Station29 366394 -2526098 45
Zingela_2016_Station3 374602 -2536472 40
Zingela_2016_Station30 367188 -2535090 45
Zingela_2016_Station31 367802 -2524472 37
Zingela_2016_Station32 374134 -2527160 43
Zingela_2016_Station33 369893 -2535559 37
Zingela_2016_Station34 368127 -2537989 45
Zingela_2016_Station35 371249 -2538069 45
Zingela_2016_Station36 365467 -2540705 42
Zingela_2016_Station37 363805 -2538935 45
Zingela_2016_Station38 375671 -2524426 43
Zingela_2016_Station39 370154 -2529914 33
Zingela_2016_Station4 361645 -2540991 45
Zingela_2016_Station40 367627 -2532766 33
Zingela_2016_Station5 370109 -2533794 45
Zingela_2016_Station6 374505 -2531806 42
Zingela_2016_Station7 365076 -2531220 45
Zingela_2016_Station8 366200 -2533913 43
Zingela_2016_Station9 362040 -2532467 43
