Barbeton_2016_Station1 609409 -2859074 45
Barbeton_2016_Station10 612225 -2861011 45
Barbeton_2016_Station11 613762 -2866775 45
Barbeton_2016_Station12 617690 -2860936 12
Barbeton_2016_Station13 616382 -2865439 45
Barbeton_2016_Station14 615379 -2862193 45
Barbeton_2016_Station15 611380 -2863839 45
Barbeton_2016_Station16 610756 -2865415 45
Barbeton_2016_Station17 614318 -2865505 45
Barbeton_2016_Station18 621046 -2864530 0
Barbeton_2016_Station19 596296 -2845281 43
Barbeton_2016_Station2 609662 -2856374 45
Barbeton_2016_Station20 626335 -2858230 44
Barbeton_2016_Station21 609794 -2862479 5
Barbeton_2016_Station22 604413 -2849285 0
Barbeton_2016_Station23 613034 -2850511 45
Barbeton_2016_Station24 610840 -2852913 45
Barbeton_2016_Station25 598099 -2844863 0
Barbeton_2016_Station26 607340 -2853289 12
Barbeton_2016_Station27 606481 -2852482 12
Barbeton_2016_Station28 603994 -2851947 39
Barbeton_2016_Station29 603487 -2847429 12
Barbeton_2016_Station3 612085 -2855122 45
Barbeton_2016_Station30 601670 -2846182 12
Barbeton_2016_Station31 601645 -2847444 7
Barbeton_2016_Station32 598593 -2847748 45
Barbeton_2016_Station33 599373 -2845748 45
Barbeton_2016_Station4 613670 -2857838 10
Barbeton_2016_Station5 612535 -2856342 45
Barbeton_2016_Station6 612412 -2857908 32
Barbeton_2016_Station7 610275 -2858372 45
Barbeton_2016_Station8 614283 -2857187 12
Barbeton_2016_Station9 611777 -2859082 12
