Blyde_2016_Station1 596895 -2762341 43
Blyde_2016_Station10 583188 -2726598 45
Blyde_2016_Station11 587440 -2729853 44
Blyde_2016_Station12 585552 -2729921 42
Blyde_2016_Station13 585083 -2732841 45
Blyde_2016_Station14 588641 -2733207 43
Blyde_2016_Station15 587425 -2724034 41
Blyde_2016_Station16 592525 -2740292 24
Blyde_2016_Station17 592942 -2738840 42
Blyde_2016_Station18 588214 -2738018 45
Blyde_2016_Station19 589760 -2739802 45
Blyde_2016_Station2 597720 -2759366 43
Blyde_2016_Station20 593387 -2743480 42
Blyde_2016_Station21 587617 -2741662 42
Blyde_2016_Station22 595646 -2742653 42
Blyde_2016_Station23 594327 -2746302 42
Blyde_2016_Station24 595153 -2748805 45
Blyde_2016_Station25 593864 -2750488 45
Blyde_2016_Station26 595365 -2754121 45
Blyde_2016_Station27 595644 -2756189 45
Blyde_2016_Station28 594822 -2759836 45
Blyde_2016_Station29 593235 -2762276 43
Blyde_2016_Station3 585140 -2725418 45
Blyde_2016_Station30 595521 -2761170 45
Blyde_2016_Station31 579997 -2727535 43
Blyde_2016_Station4 586175 -2724900 44
Blyde_2016_Station5 589358 -2725304 44
Blyde_2016_Station6 591356 -2726527 45
Blyde_2016_Station7 589677 -2728552 44
Blyde_2016_Station8 587533 -2727996 44
Blyde_2016_Station9 578667 -2726657 24
