Songimvelo_2016_Station1 589985 -2891540 45
Songimvelo_2016_Station10 594976 -2888299 45
Songimvelo_2016_Station11 593462 -2888626 41
Songimvelo_2016_Station12 591801 -2889561 45
Songimvelo_2016_Station13 592461 -2886732 45
Songimvelo_2016_Station14 591620 -2883880 45
Songimvelo_2016_Station15 595691 -2886647 45
Songimvelo_2016_Station16 597994 -2887450 43
Songimvelo_2016_Station17 599635 -2886069 45
Songimvelo_2016_Station18 599088 -2893684 36
Songimvelo_2016_Station19 605749 -2889334 44
Songimvelo_2016_Station2 592045 -2892732 45
Songimvelo_2016_Station20 604835 -2887374 37
Songimvelo_2016_Station21 600881 -2884490 45
Songimvelo_2016_Station22 595402 -2885308 45
Songimvelo_2016_Station23 596615 -2889197 39
Songimvelo_2016_Station24 602717 -2887960 22
Songimvelo_2016_Station25 600819 -2886279 45
Songimvelo_2016_Station26 599034 -2890812 45
Songimvelo_2016_Station27 592097 -2885736 45
Songimvelo_2016_Station3 594927 -2892801 45
Songimvelo_2016_Station4 598495 -2891446 34
Songimvelo_2016_Station5 591192 -2889939 45
Songimvelo_2016_Station6 593372 -2890530 45
Songimvelo_2016_Station7 596514 -2891942 45
Songimvelo_2016_Station8 593966 -2889790 45
Songimvelo_2016_Station9 595822 -2889992 45
