Loskop_2016_Station1 429926 -2813499 61
Loskop_2016_Station10 432173 -2818677 51
Loskop_2016_Station11 431172 -2820433 51
Loskop_2016_Station12 430127 -2818954 61
Loskop_2016_Station13 427402 -2820444 59
Loskop_2016_Station14 428677 -2822636 37
Loskop_2016_Station15 426006 -2822342 42
Loskop_2016_Station16 426090 -2824222 56
Loskop_2016_Station17 423922 -2822958 59
Loskop_2016_Station18 428022 -2825911 54
Loskop_2016_Station19 425375 -2826695 59
Loskop_2016_Station2 432506 -2815023 59
Loskop_2016_Station20 427183 -2827856 61
Loskop_2016_Station21 430455 -2824395 38
Loskop_2016_Station22 432450 -2822239 42
Loskop_2016_Station23 425064 -2828748 61
Loskop_2016_Station24 422917 -2828685 59
Loskop_2016_Station25 420729 -2828129 61
Loskop_2016_Station26 418954 -2828723 53
Loskop_2016_Station27 424140 -2826012 60
Loskop_2016_Station28 428923 -2815286 55
Loskop_2016_Station29 431607 -2811456 61
Loskop_2016_Station3 434390 -2814618 59
Loskop_2016_Station30 427594 -2818694 60
Loskop_2016_Station31 427839 -2829261 57
Loskop_2016_Station32 421538 -2824304 60
Loskop_2016_Station33 420068 -2830726 57
Loskop_2016_Station34 420506 -2826213 60
Loskop_2016_Station4 430928 -2816423 58
Loskop_2016_Station5 434704 -2816228 56
Loskop_2016_Station6 435653 -2819028 48
Loskop_2016_Station7 436980 -2817621 61
Loskop_2016_Station8 437491 -2819176 60
Loskop_2016_Station9 433821 -2817741 61
