KPGR_2015_Station1 646069 -3073899 37
KPGR_2015_Station10 663451 -3069379 44
KPGR_2015_Station11 646614 -3070479 42
KPGR_2015_Station12 649712 -3070901 42
KPGR_2015_Station13 656286 -3069404 33
KPGR_2015_Station14 658203 -3071389 44
KPGR_2015_Station15 655917 -3072230 44
KPGR_2015_Station16 657666 -3074028 44
KPGR_2015_Station17 653572 -3068195 44
KPGR_2015_Station18 650758 -3072395 44
KPGR_2015_Station19 647237 -3072619 44
KPGR_2015_Station2 659589 -3070213 44
KPGR_2015_Station20 647844 -3074215 44
KPGR_2015_Station21 652817 -3071421 44
KPGR_2015_Station22 650961 -3069523 44
KPGR_2015_Station23 648492 -3069835 44
KPGR_2015_Station24 645198 -3068731 44
KPGR_2015_Station25 655533 -3074382 44
KPGR_2015_Station26 655683 -3076557 44
KPGR_2015_Station27 653322 -3076245 40
KPGR_2015_Station28 650657 -3075738 44
KPGR_2015_Station29 651751 -3074279 44
KPGR_2015_Station3 653562 -3073590 44
KPGR_2015_Station30 647405 -3067253 44
KPGR_2015_Station31 666079 -3067393 44
KPGR_2015_Station32 655005 -3066607 44
KPGR_2015_Station33 651938 -3066501 44
KPGR_2015_Station34 645315 -3061897 44
KPGR_2015_Station35 647883 -3060260 44
KPGR_2015_Station36 649732 -3059762 42
KPGR_2015_Station37 653518 -3060408 40
KPGR_2015_Station38 650851 -3062873 44
KPGR_2015_Station39 649443 -3063046 44
KPGR_2015_Station4 649113 -3074552 42
KPGR_2015_Station40 647258 -3062755 44
KPGR_2015_Station41 647648 -3064517 42
KPGR_2015_Station42 652351 -3061570 44
KPGR_2015_Station43 646005 -3057965 44
KPGR_2015_Station44 655392 -3078055 44
KPGR_2015_Station45 661804 -3074817 44
KPGR_2015_Station46 660597 -3073065 44
KPGR_2015_Station47 659791 -3072598 42
KPGR_2015_Station48 658332 -3073154 44
KPGR_2015_Station49 658167 -3075520 44
KPGR_2015_Station5 649195 -3073266 44
KPGR_2015_Station50 658414 -3076397 44
KPGR_2015_Station51 659819 -3075008 44
KPGR_2015_Station52 659554 -3076309 44
KPGR_2015_Station53 659187 -3077162 44
KPGR_2015_Station54 659349 -3078518 44
KPGR_2015_Station55 657147 -3077179 29
KPGR_2015_Station56 658065 -3077771 33
KPGR_2015_Station57 661121 -3079084 44
KPGR_2015_Station58 662361 -3077285 40
KPGR_2015_Station59 662621 -3080882 32
KPGR_2015_Station6 661058 -3068336 44
KPGR_2015_Station60 657974 -3081393 44
KPGR_2015_Station61 655057 -3079840 44
KPGR_2015_Station62 655780 -3078984 40
KPGR_2015_Station7 658542 -3068101 44
KPGR_2015_Station8 658994 -3066678 44
KPGR_2015_Station9 663668 -3067595 44
