Ophate_2014_Station1 636418 -3164167 56
Ophate_2014_Station10 630873 -3155887 56
Ophate_2014_Station11 627582 -3156027 56
Ophate_2014_Station12 627370 -3153386 55
Ophate_2014_Station13 624297 -3154601 56
Ophate_2014_Station14 625027 -3151856 51
Ophate_2014_Station15 621620 -3153569 54
Ophate_2014_Station16 619882 -3153957 56
Ophate_2014_Station17 617744 -3154874 56
Ophate_2014_Station18 618099 -3156341 56
Ophate_2014_Station19 618478 -3159666 48
Ophate_2014_Station2 634398 -3164515 56
Ophate_2014_Station20 616935 -3161302 55
Ophate_2014_Station21 615726 -3156830 55
Ophate_2014_Station22 614443 -3159484 35
Ophate_2014_Station23 613315 -3161752 51
Ophate_2014_Station24 611459 -3160489 54
Ophate_2014_Station25 611965 -3157836 48
Ophate_2014_Station26 613375 -3156174 45
Ophate_2014_Station27 612053 -3155228 39
Ophate_2014_Station28 608599 -3153713 48
Ophate_2014_Station29 610238 -3158206 51
Ophate_2014_Station3 633330 -3161902 56
Ophate_2014_Station30 608490 -3158916 33
Ophate_2014_Station31 608344 -3161052 45
Ophate_2014_Station32 605413 -3161426 37
Ophate_2014_Station33 604690 -3157878 45
Ophate_2014_Station34 603648 -3156163 55
Ophate_2014_Station35 636045 -3162857 56
Ophate_2014_Station36 619876 -3160447 55
Ophate_2014_Station4 631258 -3163206 56
Ophate_2014_Station5 629203 -3163103 56
Ophate_2014_Station6 630977 -3161191 56
Ophate_2014_Station7 632237 -3158884 56
Ophate_2014_Station8 628298 -3160357 56
Ophate_2014_Station9 627936 -3158543 56
