Somkhanda_2016_Station1 680141 -3071152 39
Somkhanda_2016_Station10 682174 -3067588 45
Somkhanda_2016_Station11 679350 -3065973 45
Somkhanda_2016_Station12 679600 -3069941 45
Somkhanda_2016_Station13 681396 -3069274 45
Somkhanda_2016_Station14 683197 -3065158 45
Somkhanda_2016_Station15 684896 -3062169 45
Somkhanda_2016_Station16 683965 -3060075 45
Somkhanda_2016_Station17 682666 -3061369 45
Somkhanda_2016_Station18 681739 -3063763 45
Somkhanda_2016_Station19 670929 -3059057 38
Somkhanda_2016_Station2 678492 -3071742 45
Somkhanda_2016_Station20 674625 -3058568 29
Somkhanda_2016_Station21 673004 -3061754 28
Somkhanda_2016_Station22 675080 -3064327 45
Somkhanda_2016_Station23 675635 -3061116 38
Somkhanda_2016_Station24 679939 -3063218 45
Somkhanda_2016_Station25 682250 -3059751 45
Somkhanda_2016_Station26 682066 -3058300 45
Somkhanda_2016_Station27 683683 -3057034 45
Somkhanda_2016_Station28 685318 -3057898 45
Somkhanda_2016_Station29 682432 -3071252 39
Somkhanda_2016_Station3 672808 -3064491 45
Somkhanda_2016_Station4 674834 -3066128 45
Somkhanda_2016_Station5 677169 -3065616 45
Somkhanda_2016_Station6 677473 -3067706 45
Somkhanda_2016_Station7 676672 -3070059 45
Somkhanda_2016_Station8 676393 -3071899 45
Somkhanda_2016_Station9 675855 -3068936 45
