HiP_2016_Station1 691262 -3124193 45
HiP_2016_Station10 694819 -3133190 45
HiP_2016_Station11 686933 -3132407 45
HiP_2016_Station12 688906 -3134663 43
HiP_2016_Station13 692847 -3135176 45
HiP_2016_Station14 691232 -3136961 45
HiP_2016_Station15 688117 -3137173 42
HiP_2016_Station16 685786 -3134369 45
HiP_2016_Station17 684403 -3134540 45
HiP_2016_Station18 683762 -3137099 45
HiP_2016_Station19 687582 -3139353 45
HiP_2016_Station2 691484 -3127408 45
HiP_2016_Station20 689879 -3140432 45
HiP_2016_Station21 684975 -3139625 40
HiP_2016_Station22 686484 -3141737 45
HiP_2016_Station23 686812 -3143162 45
HiP_2016_Station24 682962 -3142879 45
HiP_2016_Station25 681558 -3139251 45
HiP_2016_Station26 680177 -3136130 44
HiP_2016_Station27 677883 -3137837 45
HiP_2016_Station28 678454 -3140598 37
HiP_2016_Station29 680545 -3143501 45
HiP_2016_Station3 694710 -3127810 45
HiP_2016_Station30 683933 -3145819 45
HiP_2016_Station31 679738 -3146781 45
HiP_2016_Station32 678066 -3145006 39
HiP_2016_Station33 675110 -3142802 42
HiP_2016_Station34 677123 -3140471 40
HiP_2016_Station35 672700 -3139642 45
HiP_2016_Station36 671206 -3141340 45
HiP_2016_Station37 674175 -3144266 45
HiP_2016_Station38 675774 -3146652 45
HiP_2016_Station39 677903 -3148980 45
HiP_2016_Station4 696598 -3130779 45
HiP_2016_Station40 674055 -3149163 45
HiP_2016_Station41 671294 -3147095 45
HiP_2016_Station42 672352 -3144119 45
HiP_2016_Station43 668041 -3144070 45
HiP_2016_Station44 669993 -3145356 45
HiP_2016_Station45 673705 -3150396 45
HiP_2016_Station46 667792 -3140226 45
HiP_2016_Station5 693476 -3131215 45
HiP_2016_Station6 690284 -3129334 39
HiP_2016_Station7 687169 -3130788 45
HiP_2016_Station8 690291 -3130962 45
HiP_2016_Station9 691567 -3132683 45
