Ithala_2016_Station1 613423 -3055442 45
Ithala_2016_Station10 618217 -3053443 45
Ithala_2016_Station11 620592 -3053652 45
Ithala_2016_Station12 619441 -3057401 45
Ithala_2016_Station13 619301 -3059133 45
Ithala_2016_Station14 619029 -3062003 45
Ithala_2016_Station15 621492 -3060441 43
Ithala_2016_Station16 622557 -3058456 45
Ithala_2016_Station17 623882 -3053224 45
Ithala_2016_Station18 622841 -3061736 45
Ithala_2016_Station19 625532 -3060277 45
Ithala_2016_Station2 613321 -3058059 45
Ithala_2016_Station20 626966 -3062953 45
Ithala_2016_Station21 628983 -3052015 45
Ithala_2016_Station22 630318 -3052594 45
Ithala_2016_Station23 632567 -3052342 45
Ithala_2016_Station24 630293 -3054978 45
Ithala_2016_Station25 632965 -3054389 45
Ithala_2016_Station26 629661 -3057368 45
Ithala_2016_Station27 631838 -3058013 45
Ithala_2016_Station28 629767 -3059948 45
Ithala_2016_Station29 622110 -3056111 45
Ithala_2016_Station3 613619 -3063037 45
Ithala_2016_Station30 624241 -3057014 45
Ithala_2016_Station4 613362 -3065655 45
Ithala_2016_Station5 616172 -3066480 45
Ithala_2016_Station6 617880 -3064393 42
Ithala_2016_Station7 615399 -3061498 45
Ithala_2016_Station8 616561 -3058189 45
Ithala_2016_Station9 616667 -3056207 45
