Welgevonden_2016_Station1 279427 -2687094 28
Welgevonden_2016_Station10 289094 -2689103 40
Welgevonden_2016_Station11 291172 -2689301 35
Welgevonden_2016_Station12 292643 -2691692 32
Welgevonden_2016_Station13 290827 -2690786 41
Welgevonden_2016_Station14 286816 -2691398 33
Welgevonden_2016_Station15 280314 -2692720 41
Welgevonden_2016_Station16 283080 -2691136 30
Welgevonden_2016_Station17 282171 -2693689 40
Welgevonden_2016_Station18 284253 -2693179 41
Welgevonden_2016_Station19 286074 -2693827 31
Welgevonden_2016_Station2 292529 -2683381 39
Welgevonden_2016_Station20 288233 -2692790 31
Welgevonden_2016_Station21 291439 -2693918 31
Welgevonden_2016_Station22 292552 -2693134 28
Welgevonden_2016_Station23 294112 -2693677 28
Welgevonden_2016_Station24 288523 -2695473 31
Welgevonden_2016_Station25 283783 -2695657 28
Welgevonden_2016_Station26 277138 -2682578 29
Welgevonden_2016_Station27 283901 -2697830 8
Welgevonden_2016_Station28 286434 -2697051 24
Welgevonden_2016_Station29 279791 -2683856 29
Welgevonden_2016_Station3 290592 -2684410 43
Welgevonden_2016_Station30 292932 -2681328 22
Welgevonden_2016_Station31 284827 -2699292 28
Welgevonden_2016_Station32 282458 -2687059 29
Welgevonden_2016_Station33 276100 -2684590 24
Welgevonden_2016_Station34 287523 -2686893 28
Welgevonden_2016_Station35 290632 -2687973 33
Welgevonden_2016_Station36 293530 -2687276 33
Welgevonden_2016_Station37 283128 -2683288 18
Welgevonden_2016_Station38 285266 -2683697 21
Welgevonden_2016_Station39 286755 -2683299 33
Welgevonden_2016_Station4 288396 -2685785 43
Welgevonden_2016_Station40 291217 -2682843 31
Welgevonden_2016_Station5 286468 -2685830 43
Welgevonden_2016_Station6 282661 -2680962 44
Welgevonden_2016_Station7 282701 -2685261 41
Welgevonden_2016_Station8 284233 -2689983 40
Welgevonden_2016_Station9 286126 -2688982 40
