uMkhuze_2016_Station1 716307 -3072013 45
uMkhuze_2016_Station10 720855 -3073480 45
uMkhuze_2016_Station11 714040 -3072940 45
uMkhuze_2016_Station12 720514 -3075182 45
uMkhuze_2016_Station13 708419 -3073451 45
uMkhuze_2016_Station14 721917 -3079918 45
uMkhuze_2016_Station15 717100 -3070650 45
uMkhuze_2016_Station16 708571 -3075755 45
uMkhuze_2016_Station17 713682 -3080600 45
uMkhuze_2016_Station18 710081 -3079833 45
uMkhuze_2016_Station19 714311 -3070985 45
uMkhuze_2016_Station2 716394 -3074121 45
uMkhuze_2016_Station20 718389 -3076373 45
uMkhuze_2016_Station21 710129 -3077737 45
uMkhuze_2016_Station22 715418 -3074716 45
uMkhuze_2016_Station23 718232 -3084507 45
uMkhuze_2016_Station24 717175 -3079346 45
uMkhuze_2016_Station25 706708 -3075860 44
uMkhuze_2016_Station26 714022 -3077506 45
uMkhuze_2016_Station27 710730 -3072003 39
uMkhuze_2016_Station28 720724 -3078745 45
uMkhuze_2016_Station29 719294 -3082844 45
uMkhuze_2016_Station3 711248 -3076096 45
uMkhuze_2016_Station30 718737 -3071447 45
uMkhuze_2016_Station31 719213 -3079220 45
uMkhuze_2016_Station32 709645 -3074318 45
uMkhuze_2016_Station33 715406 -3080333 45
uMkhuze_2016_Station34 715571 -3081885 45
uMkhuze_2016_Station35 717480 -3081845 45
uMkhuze_2016_Station36 712772 -3074759 44
uMkhuze_2016_Station37 711983 -3081147 37
uMkhuze_2016_Station38 716112 -3078557 45
uMkhuze_2016_Station39 718683 -3074334 45
uMkhuze_2016_Station4 716984 -3075898 45
uMkhuze_2016_Station40 721480 -3076822 45
uMkhuze_2016_Station5 713665 -3081888 45
uMkhuze_2016_Station6 712863 -3083865 45
uMkhuze_2016_Station7 712176 -3071316 45
uMkhuze_2016_Station8 711563 -3078477 45
uMkhuze_2016_Station9 719372 -3072883 45
