Madikwe_2016_Station1 142881 -2733981 41
Madikwe_2016_Station10 123475 -2738056 44
Madikwe_2016_Station11 124066 -2737358 47
Madikwe_2016_Station12 122092 -2741146 47
Madikwe_2016_Station13 122999 -2742716 47
Madikwe_2016_Station14 124628 -2745728 47
Madikwe_2016_Station15 123263 -2748369 47
Madikwe_2016_Station16 126191 -2750072 47
Madikwe_2016_Station17 129245 -2749930 47
Madikwe_2016_Station18 130463 -2748914 47
Madikwe_2016_Station19 126515 -2748795 47
Madikwe_2016_Station2 121448 -2747872 47
Madikwe_2016_Station20 126623 -2746257 47
Madikwe_2016_Station21 130855 -2745796 47
Madikwe_2016_Station22 133031 -2748089 47
Madikwe_2016_Station23 134146 -2749985 47
Madikwe_2016_Station24 136403 -2749640 47
Madikwe_2016_Station25 119141 -2738573 38
Madikwe_2016_Station26 139219 -2734365 47
Madikwe_2016_Station27 137514 -2746444 47
Madikwe_2016_Station28 134882 -2745521 47
Madikwe_2016_Station29 139759 -2738282 47
Madikwe_2016_Station3 120814 -2745484 44
Madikwe_2016_Station30 134318 -2739877 47
Madikwe_2016_Station31 132063 -2740348 47
Madikwe_2016_Station32 130280 -2739275 47
Madikwe_2016_Station33 128643 -2738078 47
Madikwe_2016_Station34 132466 -2731830 47
Madikwe_2016_Station35 131071 -2736618 47
Madikwe_2016_Station36 134691 -2735921 47
Madikwe_2016_Station37 135827 -2738941 47
Madikwe_2016_Station38 130904 -2734686 47
Madikwe_2016_Station39 134647 -2733200 47
Madikwe_2016_Station4 119651 -2743002 47
Madikwe_2016_Station40 136331 -2735639 47
Madikwe_2016_Station5 119356 -2740592 44
Madikwe_2016_Station6 140879 -2736231 47
Madikwe_2016_Station7 120897 -2737292 47
Madikwe_2016_Station8 122924 -2733201 47
Madikwe_2016_Station9 123869 -2735249 45
