Lajuma_2016_Station1 457656 -2556636 50
Lajuma_2016_Station10 465204 -2549776 50
Lajuma_2016_Station11 468957 -2550247 48
Lajuma_2016_Station12 457705 -2554675 36
Lajuma_2016_Station13 468785 -2552620 53
Lajuma_2016_Station14 466024 -2552525 50
Lajuma_2016_Station15 452790 -2552052 40
Lajuma_2016_Station16 452582 -2549622 51
Lajuma_2016_Station17 450658 -2551224 50
Lajuma_2016_Station18 450549 -2552927 42
Lajuma_2016_Station19 458236 -2543106 48
Lajuma_2016_Station2 457053 -2552104 31
Lajuma_2016_Station20 454881 -2557656 48
Lajuma_2016_Station21 451974 -2548115 48
Lajuma_2016_Station22 453833 -2549007 48
Lajuma_2016_Station23 457681 -2545982 50
Lajuma_2016_Station24 461039 -2546053 50
Lajuma_2016_Station25 463103 -2545957 45
Lajuma_2016_Station26 453613 -2555920 48
Lajuma_2016_Station27 450142 -2547277 45
Lajuma_2016_Station28 452287 -2545490 50
Lajuma_2016_Station29 454576 -2545407 50
Lajuma_2016_Station3 454845 -2552240 42
Lajuma_2016_Station30 459133 -2545432 48
Lajuma_2016_Station31 463113 -2544321 48
Lajuma_2016_Station32 456916 -2549727 41
Lajuma_2016_Station33 464353 -2542720 50
Lajuma_2016_Station34 465842 -2545249 48
Lajuma_2016_Station35 456170 -2554628 50
Lajuma_2016_Station36 460340 -2555947 47
Lajuma_2016_Station37 456204 -2543044 50
Lajuma_2016_Station38 451841 -2555341 50
Lajuma_2016_Station39 453885 -2554594 50
Lajuma_2016_Station4 458521 -2550893 51
Lajuma_2016_Station40 459412 -2552801 31
Lajuma_2016_Station5 462542 -2553495 44
Lajuma_2016_Station6 463722 -2552655 50
Lajuma_2016_Station7 460606 -2551310 51
Lajuma_2016_Station8 462089 -2549613 51
Lajuma_2016_Station9 463911 -2549840 50
