EShores_2016_Station1 728565 -3156793 45
EShores_2016_Station10 733730 -3148994 41
EShores_2016_Station11 731718 -3148339 33
EShores_2016_Station12 733923 -3147507 42
EShores_2016_Station13 735279 -3148254 45
EShores_2016_Station14 734886 -3146904 43
EShores_2016_Station15 735249 -3146267 42
EShores_2016_Station16 736076 -3146265 45
EShores_2016_Station17 735764 -3144881 42
EShores_2016_Station18 737631 -3142748 45
EShores_2016_Station19 736039 -3142394 45
EShores_2016_Station2 729932 -3155504 45
EShores_2016_Station20 736218 -3140454 45
EShores_2016_Station21 736313 -3138450 45
EShores_2016_Station22 733973 -3138050 45
EShores_2016_Station23 736388 -3136530 45
EShores_2016_Station24 738957 -3139146 45
EShores_2016_Station25 739671 -3139912 45
EShores_2016_Station26 740824 -3137771 45
EShores_2016_Station27 740928 -3135584 45
EShores_2016_Station28 737543 -3134687 45
EShores_2016_Station29 735176 -3133186 43
EShores_2016_Station3 728751 -3155081 45
EShores_2016_Station30 736097 -3130342 45
EShores_2016_Station31 738768 -3130819 45
EShores_2016_Station32 740123 -3132180 45
EShores_2016_Station33 740949 -3130739 45
EShores_2016_Station34 741798 -3133946 45
EShores_2016_Station35 742493 -3134419 45
EShores_2016_Station36 742312 -3132819 42
EShores_2016_Station37 743039 -3132065 45
EShores_2016_Station38 741979 -3128939 45
EShores_2016_Station39 738772 -3129008 45
EShores_2016_Station4 730794 -3153894 45
EShores_2016_Station40 736239 -3129416 45
EShores_2016_Station41 738551 -3137536 42
EShores_2016_Station5 729487 -3153388 45
EShores_2016_Station6 729293 -3152584 45
EShores_2016_Station7 732086 -3151005 45
EShores_2016_Station8 730672 -3150290 45
EShores_2016_Station9 732872 -3150402 45
