Mapesu_2018_Station1 461402 -2478156 50
Mapesu_2018_Station10 464468 -2469929 48
Mapesu_2018_Station11 462920 -2467256 48
Mapesu_2018_Station12 461248 -2468209 48
Mapesu_2018_Station13 460430 -2470343 42
Mapesu_2018_Station14 459620 -2468378 45
Mapesu_2018_Station15 458913 -2470354 32
Mapesu_2018_Station16 458098 -2474533 47
Mapesu_2018_Station17 457077 -2469977 46
Mapesu_2018_Station18 458034 -2472547 42
Mapesu_2018_Station19 456789 -2467882 48
Mapesu_2018_Station2 463651 -2478427 47
Mapesu_2018_Station20 454921 -2467985 48
Mapesu_2018_Station21 454247 -2469581 34
Mapesu_2018_Station22 452799 -2467805 41
Mapesu_2018_Station23 450742 -2467704 36
Mapesu_2018_Station24 450229 -2469338 35
Mapesu_2018_Station25 452676 -2469332 47
Mapesu_2018_Station26 452099 -2471210 42
Mapesu_2018_Station27 454846 -2471391 33
Mapesu_2018_Station28 456042 -2473286 50
Mapesu_2018_Station29 455408 -2476201 48
Mapesu_2018_Station3 464203 -2480377 50
Mapesu_2018_Station30 454119 -2474752 43
Mapesu_2018_Station31 452184 -2472707 50
Mapesu_2018_Station32 452992 -2476168 48
Mapesu_2018_Station33 450510 -2472532 50
Mapesu_2018_Station34 461870 -2471983 48
Mapesu_2018_Station35 451168 -2474427 50
Mapesu_2018_Station4 465540 -2478156 44
Mapesu_2018_Station5 464818 -2476756 41
Mapesu_2018_Station6 460691 -2475800 47
Mapesu_2018_Station7 463178 -2474162 45
Mapesu_2018_Station8 459780 -2473760 48
Mapesu_2018_Station9 463654 -2472265 37
