Timbavati_2016_Station1 636614 -2704584 50
Timbavati_2016_Station10 629836 -2710474 50
Timbavati_2016_Station11 633632 -2709596 50
Timbavati_2016_Station12 638169 -2704727 50
Timbavati_2016_Station13 635859 -2710473 47
Timbavati_2016_Station14 637885 -2709748 50
Timbavati_2016_Station15 641304 -2709713 50
Timbavati_2016_Station16 643902 -2710424 50
Timbavati_2016_Station17 645864 -2710533 50
Timbavati_2016_Station18 643161 -2711908 50
Timbavati_2016_Station19 639846 -2711818 50
Timbavati_2016_Station2 642678 -2706496 47
Timbavati_2016_Station20 637238 -2712043 46
Timbavati_2016_Station21 635412 -2712060 48
Timbavati_2016_Station22 640514 -2703674 50
Timbavati_2016_Station23 633154 -2711813 43
Timbavati_2016_Station24 630969 -2712140 50
Timbavati_2016_Station25 630660 -2714169 50
Timbavati_2016_Station26 632906 -2713989 48
Timbavati_2016_Station27 635334 -2715604 48
Timbavati_2016_Station28 639352 -2715061 50
Timbavati_2016_Station29 641143 -2714944 48
Timbavati_2016_Station3 639657 -2708323 50
Timbavati_2016_Station30 643528 -2713749 44
Timbavati_2016_Station31 633636 -2717566 50
Timbavati_2016_Station32 633336 -2705763 43
Timbavati_2016_Station33 643445 -2704535 48
Timbavati_2016_Station34 637916 -2717215 48
Timbavati_2016_Station35 641245 -2716195 50
Timbavati_2016_Station36 628327 -2711792 50
Timbavati_2016_Station37 635327 -2717833 47
Timbavati_2016_Station38 645455 -2705841 39
Timbavati_2016_Station39 648795 -2706520 50
Timbavati_2016_Station4 638085 -2708019 48
Timbavati_2016_Station40 644819 -2707815 50
Timbavati_2016_Station5 635135 -2707885 50
Timbavati_2016_Station6 633019 -2707670 50
Timbavati_2016_Station7 630696 -2707053 50
Timbavati_2016_Station8 628138 -2708031 45
Timbavati_2016_Station9 628157 -2710717 48
