Venetia_2016_Station1 437318 -2470994 40
Venetia_2016_Station10 437875 -2473441 48
Venetia_2016_Station11 434980 -2476587 48
Venetia_2016_Station12 437886 -2474980 48
Venetia_2016_Station13 440431 -2475918 48
Venetia_2016_Station14 444046 -2475472 48
Venetia_2016_Station15 447091 -2475933 48
Venetia_2016_Station16 446545 -2477917 48
Venetia_2016_Station17 443259 -2476956 48
Venetia_2016_Station18 439364 -2478163 38
Venetia_2016_Station19 436631 -2477805 48
Venetia_2016_Station2 438414 -2471642 48
Venetia_2016_Station20 433511 -2478944 48
Venetia_2016_Station21 438253 -2479977 48
Venetia_2016_Station22 441384 -2479424 48
Venetia_2016_Station23 442753 -2480480 48
Venetia_2016_Station24 445010 -2478578 48
Venetia_2016_Station25 448550 -2479670 48
Venetia_2016_Station26 447516 -2481731 48
Venetia_2016_Station27 444955 -2482331 48
Venetia_2016_Station28 439988 -2481198 48
Venetia_2016_Station29 433907 -2482002 48
Venetia_2016_Station3 441936 -2469562 48
Venetia_2016_Station30 437308 -2481980 48
Venetia_2016_Station31 440639 -2483340 48
Venetia_2016_Station32 446287 -2483633 43
Venetia_2016_Station33 449004 -2483531 48
Venetia_2016_Station34 439073 -2486033 48
Venetia_2016_Station35 436967 -2484801 48
Venetia_2016_Station36 443051 -2484828 48
Venetia_2016_Station37 446287 -2486464 48
Venetia_2016_Station38 448837 -2488080 48
Venetia_2016_Station39 439862 -2489256 48
Venetia_2016_Station4 444627 -2471366 48
Venetia_2016_Station40 438395 -2492506 48
Venetia_2016_Station5 448452 -2471604 48
Venetia_2016_Station6 447173 -2473227 48
Venetia_2016_Station7 445001 -2473193 48
Venetia_2016_Station8 442242 -2472710 48
Venetia_2016_Station9 434634 -2473777 48
