Lapalala_2016_Station1 338891 -2648992 47
Lapalala_2016_Station10 327567 -2646476 51
Lapalala_2016_Station11 333197 -2633695 48
Lapalala_2016_Station12 336994 -2636557 51
Lapalala_2016_Station13 343071 -2629665 30
Lapalala_2016_Station14 339531 -2628180 51
Lapalala_2016_Station15 335963 -2632918 51
Lapalala_2016_Station16 340868 -2636308 51
Lapalala_2016_Station17 344002 -2633298 51
Lapalala_2016_Station18 337252 -2634651 51
Lapalala_2016_Station19 333918 -2638221 51
Lapalala_2016_Station2 339552 -2650378 53
Lapalala_2016_Station20 334827 -2640565 51
Lapalala_2016_Station21 333413 -2641556 51
Lapalala_2016_Station22 337514 -2643066 45
Lapalala_2016_Station23 336891 -2644701 51
Lapalala_2016_Station24 341161 -2644433 51
Lapalala_2016_Station25 338785 -2638774 51
Lapalala_2016_Station26 341496 -2639730 45
Lapalala_2016_Station27 341092 -2647016 48
Lapalala_2016_Station28 335194 -2645868 48
Lapalala_2016_Station29 327583 -2635248 51
Lapalala_2016_Station3 344818 -2646732 53
Lapalala_2016_Station30 331677 -2635088 51
Lapalala_2016_Station31 330463 -2637255 51
Lapalala_2016_Station32 324563 -2641116 51
Lapalala_2016_Station33 323562 -2643906 51
Lapalala_2016_Station34 326992 -2640908 51
Lapalala_2016_Station35 330211 -2642151 51
Lapalala_2016_Station36 329792 -2645464 48
Lapalala_2016_Station37 326706 -2644286 51
Lapalala_2016_Station38 327039 -2638471 51
Lapalala_2016_Station39 333489 -2643870 51
Lapalala_2016_Station4 341968 -2651870 53
Lapalala_2016_Station40 338933 -2632319 51
Lapalala_2016_Station5 344829 -2649567 51
Lapalala_2016_Station6 339260 -2629900 51
Lapalala_2016_Station7 331164 -2649579 51
Lapalala_2016_Station8 331873 -2647068 51
Lapalala_2016_Station9 334544 -2649916 45
