Dinokeng_2016_Station1 340999 -2810480 48
Dinokeng_2016_Station10 340780 -2812854 48
Dinokeng_2016_Station11 340472 -2814341 48
Dinokeng_2016_Station12 338529 -2812805 43
Dinokeng_2016_Station13 337415 -2810999 48
Dinokeng_2016_Station14 339588 -2807752 50
Dinokeng_2016_Station15 338350 -2807445 50
Dinokeng_2016_Station16 337840 -2805218 48
Dinokeng_2016_Station17 339876 -2804741 53
Dinokeng_2016_Station18 341328 -2805638 40
Dinokeng_2016_Station19 342883 -2805297 48
Dinokeng_2016_Station2 343151 -2811432 51
Dinokeng_2016_Station20 335807 -2805324 48
Dinokeng_2016_Station21 335230 -2803409 48
Dinokeng_2016_Station22 333518 -2801081 53
Dinokeng_2016_Station23 332347 -2801572 48
Dinokeng_2016_Station24 333707 -2803754 27
Dinokeng_2016_Station25 335582 -2805927 27
Dinokeng_2016_Station26 336240 -2807936 53
Dinokeng_2016_Station27 333395 -2812110 21
Dinokeng_2016_Station28 333206 -2813710 51
Dinokeng_2016_Station29 332762 -2815940 44
Dinokeng_2016_Station3 344924 -2812682 51
Dinokeng_2016_Station30 335009 -2816813 51
Dinokeng_2016_Station31 337417 -2816968 51
Dinokeng_2016_Station32 336966 -2814688 35
Dinokeng_2016_Station33 334686 -2814351 7
Dinokeng_2016_Station34 335961 -2813393 50
Dinokeng_2016_Station35 335388 -2811863 51
Dinokeng_2016_Station36 337912 -2809478 48
Dinokeng_2016_Station4 345575 -2817130 51
Dinokeng_2016_Station5 344429 -2819066 50
Dinokeng_2016_Station6 347250 -2820140 48
Dinokeng_2016_Station7 341980 -2816881 50
Dinokeng_2016_Station8 343852 -2814865 45
Dinokeng_2016_Station9 346843 -2812610 21
