Phinda_2016_Station1 726812 -3084989 56
Phinda_2016_Station10 725494 -3085690 48
Phinda_2016_Station11 724565 -3087282 51
Phinda_2016_Station12 723499 -3088898 56
Phinda_2016_Station13 726201 -3087667 51
Phinda_2016_Station14 726198 -3090347 54
Phinda_2016_Station15 724525 -3090481 55
Phinda_2016_Station16 723006 -3091645 56
Phinda_2016_Station17 726281 -3092015 54
Phinda_2016_Station18 725077 -3092934 54
Phinda_2016_Station19 722382 -3093453 54
Phinda_2016_Station2 727892 -3086056 56
Phinda_2016_Station20 721331 -3096630 54
Phinda_2016_Station21 722537 -3095441 51
Phinda_2016_Station22 721554 -3098181 54
Phinda_2016_Station23 720337 -3098832 54
Phinda_2016_Station24 722094 -3101155 56
Phinda_2016_Station25 722519 -3100329 56
Phinda_2016_Station26 723567 -3103405 53
Phinda_2016_Station27 721417 -3102390 50
Phinda_2016_Station28 719380 -3103372 56
Phinda_2016_Station29 717153 -3104140 53
Phinda_2016_Station3 728491 -3083574 56
Phinda_2016_Station30 718660 -3101729 56
Phinda_2016_Station31 716116 -3101338 56
Phinda_2016_Station32 714971 -3100225 56
Phinda_2016_Station33 714581 -3096194 56
Phinda_2016_Station34 717380 -3098614 56
Phinda_2016_Station35 719181 -3096542 54
Phinda_2016_Station36 719754 -3093109 55
Phinda_2016_Station37 729818 -3087649 51
Phinda_2016_Station38 721004 -3092052 55
Phinda_2016_Station39 721089 -3094466 53
Phinda_2016_Station4 729580 -3085872 56
Phinda_2016_Station40 717614 -3095277 56
Phinda_2016_Station41 719252 -3100084 56
Phinda_2016_Station42 724463 -3099273 56
Phinda_2016_Station5 732472 -3084415 53
Phinda_2016_Station6 731688 -3086332 56
Phinda_2016_Station7 732022 -3089221 56
Phinda_2016_Station8 728712 -3089671 54
Phinda_2016_Station9 728227 -3087954 54
